26
118 2
112 5
121 2
120 1
69 1
44 1
102 5
109 9
46 2
104 3
105 11
111 10
68 1
97 17
119 2
32 24
110 10
116 16
103 5
115 10
114 17
101 23
117 8
99 6
100 5
108 6
###
1101001011101100111010000011100111110111101001100101111111011000110011100000010011001110101010010100111111010111001011001101100011001110111101110001000101110000010011110110110110000110011101010110011000011100000100110100011001011010111011110111000110000001010101000001101111110101000000101110101110011010011010000100001011010001010110000110010011101010100101001111110101110010110011011000110011110110100110111101000111000111101000001110100101111100010100110000100110001011101101110011100000010011001101101111011001111111011011100101110001111000101011110100011001011010101100010110101011100111000100001001111001100100111101011110110001110001001111011001110100000111001111101111010011001011111110110001100010111011001001111001111010100111000011110101001111111110101011010110000011011011000111000111101110000100011111101000001111111101111100000101000111101011